1 4
3 8
4 6
5 4
8 4
16 4
17 4
29 4
39 4
50 6
51 4
69 6
70 4
77 4
91 4
93 4
99 6
100 4
107 6
108 4
111 8
112 6
113 4
120 4
128 6
129 4
152 4
179 4
186 8
187 6
188 4
209 4
219 4
246 6
247 4
282 6
283 4
287 4
305 4
310 4
315 4
320 4
323 4
351 4
358 4
380 4
384 6
385 4
391 6
392 4
399 4
411 4
425 4
494 12
495 10
496 8
497 6
498 4
513 4
515 4
524 6
525 4
546 4
565 4
591 4
619 4
622 4
652 4
676 4
736 6
737 4
740 4
744 4
745 4
776 4
807 4
828 4
860 4
861 4
890 8
891 6
892 4
924 4
982 8
983 6
984 4
993 4
993 6
994 4
995 4
