851
605 789
96 497
85 62
456 291
371 621
759 185
536 44
283 681
166 527
2 368
195 180
26 175
478 259
265 250
107 27
96 640
49 148
517 806
11 352
155 234
410 369
357 340
110 83
6 35
643 506
576 487
465 163
752 288
344 648
362 811
80 45
26 18
447 365
237 74
249 233
21 258
605 540
37 287
659 223
132 24
163 565
753 467
417 449
99 150
231 636
55 423
65 415
3 248
226 18
66 243
29 40
824 679
733 93
287 336
46 149
699 355
280 176
45 255
125 119
140 11
699 732
86 222
66 228
483 500
512 86
412 409
417 112
102 270
454 389
788 367
145 192
56 318
158 125
244 607
2 53
837 379
538 712
683 94
276 481
486 822
392 187
172 99
26 419
833 274
526 517
315 17
457 282
75 34
62 365
317 358
815 218
282 179
131 80
24 30
38 17
15 36
609 178
239 828
84 88
188 362
401 770
93 20
749 786
145 586
328 765
59 800
736 421
313 34
663 426
462 103
186 492
310 320
247 641
411 424
167 46
77 74
230 73
39 25
449 470
9 49
33 5
459 317
34 3
373 43
697 720
501 489
12 264
14 185
173 54
238 99
12 21
278 563
760 421
435 29
162 27
251 328
143 39
94 244
22 72
144 181
18 27
17 541
99 81
18 781
778 78
415 754
731 458
206 241
324 57
763 339
779 529
438 100
60 104
115 309
240 724
163 344
72 83
58 70
17 20
3 18
632 41
363 299
780 576
727 721
194 305
603 769
88 519
379 141
471 610
174 225
142 4
44 7
759 785
194 201
308 793
783 506
411 661
388 713
540 276
624 63
678 403
428 350
80 359
575 462
40 147
64 31
128 125
555 183
134 122
22 126
479 147
798 839
173 841
168 17
41 29
351 274
116 107
538 161
612 96
1 73
74 124
256 587
92 57
27 50
20 312
524 34
273 390
9 13
742 74
475 333
629 392
843 664
598 298
4 5
550 409
585 240
194 221
394 848
208 139
825 711
482 442
728 849
540 795
725 250
408 467
276 651
691 805
555 796
386 411
271 347
96 210
409 522
445 292
120 99
234 698
311 91
547 577
157 52
25 193
484 157
197 10
152 388
44 87
842 337
289 12
666 438
72 619
275 569
59 35
106 317
350 583
26 517
293 416
773 708
751 599
516 56
250 249
394 832
660 516
142 747
429 668
475 485
187 27
68 31
272 611
528 559
485 580
154 615
771 466
745 246
340 133
36 571
505 500
418 62
303 90
332 146
41 307
322 310
205 799
608 568
791 487
266 15
67 86
158 804
631 45
5 189
464 318
521 225
15 2
83 293
171 717
129 385
273 518
267 430
34 138
227 187
650 92
708 89
597 331
834 666
638 392
321 98
99 188
48 101
235 1
254 726
813 224
204 129
595 430
59 299
441 207
169 200
496 534
437 672
413 114
434 54
351 646
256 372
145 211
79 553
127 67
496 90
322 812
756 385
123 21
212 383
469 246
350 437
105 426
181 466
247 64
21 749
191 676
2 12
183 472
10 19
25 145
10 494
117 14
533 764
742 794
181 427
133 106
740 152
369 217
31 154
640 665
36 401
48 715
3 130
442 210
54 207
17 11
159 46
308 125
78 694
633 184
718 612
261 56
219 65
703 722
98 273
12 209
304 170
840 449
2 10
523 558
65 32
497 602
368 544
164 42
838 104
184 695
56 327
328 495
117 393
77 810
746 683
696 730
266 628
139 14
83 514
226 286
1 4
31 43
272 56
209 329
326 334
244 635
370 386
67 43
681 809
454 688
239 146
273 314
739 538
161 283
9 398
193 554
444 471
682 231
329 408
2 9
169 36
128 701
582 538
36 202
831 656
292 337
548 658
214 204
776 342
298 52
251 27
3 2
277 53
148 152
217 380
573 46
634 266
253 499
199 145
32 474
178 627
257 361
616 301
223 109
105 574
69 103
371 98
393 480
829 232
153 152
458 461
73 176
89 213
381 510
82 295
644 820
446 626
248 440
111 473
846 114
264 622
412 599
120 292
250 319
310 178
1 14
543 568
78 547
403 220
258 296
60 61
535 307
802 497
11 1
407 214
37 30
43 102
9 113
361 561
198 184
303 596
170 290
711 443
393 667
432 315
738 710
6 1
661 798
9 71
618 315
206 167
274 675
106 542
144 4
349 451
28 233
92 246
36 396
354 322
179 844
163 6
240 130
525 432
105 40
91 38
649 261
1 260
194 119
845 186
132 191
162 476
540 808
293 744
386 645
847 661
142 836
387 348
613 8
9 29
5 274
557 331
28 42
231 181
679 299
175 178
593 183
567 475
326 562
232 691
121 14
705 593
349 537
76 29
18 46
446 57
341 329
478 687
244 331
792 538
90 458
333 22
444 405
173 224
450 151
226 814
348 37
656 634
185 353
703 241
26 57
704 700
108 51
5 122
268 790
686 596
306 291
239 664
247 513
81 166
335 105
3 288
183 294
692 373
384 57
466 551
420 243
655 63
163 229
129 165
170 110
32 106
25 2
68 697
106 114
560 539
417 502
58 69
346 606
551 723
416 483
592 185
716 64
819 611
398 508
204 784
546 308
45 4
63 259
63 42
300 135
345 436
623 488
245 208
111 18
62 422
218 489
533 53
94 11
768 297
115 118
9 590
515 748
504 147
523 125
267 741
94 184
275 113
173 180
21 24
309 421
807 806
685 2
349 81
151 71
196 772
76 100
60 32
19 23
201 271
528 384
680 310
50 56
589 334
18 232
9 28
215 161
767 276
758 713
13 182
801 798
16 3
81 55
797 136
464 670
155 116
91 177
684 142
49 588
214 552
750 669
405 653
194 236
835 371
132 729
386 702
205 110
158 377
417 429
830 612
662 516
639 436
657 67
106 112
452 64
296 425
774 69
236 263
409 193
281 207
252 40
346 395
217 173
388 455
84 129
570 95
414 95
51 433
55 44
706 307
35 376
323 581
153 669
488 369
81 115
48 41
346 192
547 766
168 816
279 146
4 254
532 526
222 355
325 268
356 319
468 120
11 62
419 531
826 390
15 31
578 562
406 761
347 714
443 503
696 18
366 276
527 556
8 6
267 161
389 4
194 278
399 109
1 2
441 579
803 76
821 175
511 677
356 625
693 137
79 72
242 342
260 601
45 509
160 775
493 365
58 31
119 203
511 336
387 498
734 326
51 146
566 504
81 506
617 99
270 817
83 642
301 364
270 539
138 689
131 269
487 431
28 74
850 384
81 360
160 73
104 719
40 141
199 367
82 39
792 851
406 312
52 95
98 220
88 402
66 62
148 179
16 90
490 42
242 26
514 644
16 285
363 529
193 637
572 226
136 5
84 69
54 52
345 82
119 90
65 89
33 161
256 134
5 22
147 212
445 448
69 137
68 216
138 196
707 517
188 370
363 735
460 548
616 721
103 652
530 564
397 236
823 175
52 12
710 508
466 520
178 443
600 176
400 392
394 205
295 614
76 97
